      0/99     13.2G   0.05913   0.02091   0.03151    0.1116        10       640    0.4483    0.4768    0.4259    0.2371   0.05058  0.009376   0.01466
      1/99     13.7G    0.0445   0.01749   0.01853   0.08053         7       640    0.3843    0.4597    0.3552    0.2146   0.04091   0.01115   0.01927
      2/99     13.7G   0.04478   0.02059   0.02607   0.09144         8       640    0.2542    0.2797    0.1738   0.08343    0.0499   0.01358   0.03347
      3/99     13.7G   0.04773   0.02187   0.03063    0.1002        12       640    0.3101    0.3143     0.211    0.1055   0.04702   0.01311   0.03022
      4/99     13.7G   0.04439   0.02182   0.02819    0.0944         8       640    0.3245    0.3072    0.2112    0.1095   0.04746   0.01254   0.02796
      5/99     13.7G   0.04281   0.02156   0.02591   0.09027         6       640    0.3175    0.3852    0.2684    0.1618   0.04278   0.01238   0.02501
      6/99     13.7G   0.04169    0.0214    0.0251    0.0882        10       640      0.39    0.3935    0.3171    0.1914   0.04272   0.01211   0.02499
      7/99     13.7G   0.03982   0.02099   0.02212   0.08294        15       640     0.367    0.4225    0.3053    0.1787   0.04149   0.01202   0.02185
      8/99     13.7G   0.03898   0.02077   0.02172   0.08147        12       640    0.3461    0.4112    0.3143     0.196   0.04156   0.01191   0.02098
      9/99     13.7G   0.03778    0.0204   0.02057   0.07875         8       640    0.3419    0.4406    0.3082    0.1872    0.0404   0.01212   0.02369
     10/99     13.7G    0.0369   0.02034    0.0189   0.07614        15       640    0.3776    0.4522    0.3358    0.2052   0.03927   0.01178   0.02105
     11/99     13.7G   0.03636   0.02015   0.01839    0.0749         8       640    0.4037    0.4468    0.3476    0.2218   0.03813   0.01203   0.02049
     12/99     13.7G   0.03605   0.02013   0.01815   0.07433         8       640    0.4185    0.4139    0.3497    0.2184   0.03902   0.01166   0.02158
     13/99     13.7G     0.035   0.01975   0.01681   0.07156         7       640    0.4458    0.4105    0.3556    0.2317   0.03694   0.01169    0.0227
     14/99     13.7G    0.0348   0.01981   0.01671   0.07131        13       640    0.3874     0.444    0.3473     0.224   0.03672   0.01133   0.01975
     15/99     13.7G   0.03429   0.01965    0.0159   0.06984        13       640    0.3718    0.4726    0.3632    0.2328   0.03651   0.01173   0.02091
     16/99     13.7G   0.03349   0.01952   0.01555   0.06857        10       640    0.4335     0.483    0.3822    0.2472   0.03598   0.01148   0.02274
     17/99     13.7G   0.03344   0.01928   0.01545   0.06817        10       640     0.365    0.4794     0.361    0.2334   0.03601   0.01158    0.0213
     18/99     13.7G   0.03298   0.01895   0.01421   0.06614        13       640    0.4239    0.4779    0.3937    0.2554   0.03596   0.01144   0.01882
     19/99     13.7G   0.03229   0.01899   0.01406   0.06535        12       640    0.3905     0.486    0.3682    0.2368   0.03572   0.01143   0.01802
     20/99     13.7G   0.03188     0.019   0.01317   0.06405         6       640    0.4392     0.433    0.3835     0.247   0.03572   0.01148   0.02157
     21/99     13.7G   0.03148   0.01872   0.01374   0.06394        14       640    0.4312    0.4597    0.3995    0.2604   0.03518   0.01139   0.02068
     22/99     13.7G   0.03095   0.01873   0.01261   0.06229        10       640    0.4268    0.4854    0.4121    0.2649   0.03582    0.0111   0.01797
     23/99     13.7G    0.0303   0.01847   0.01241   0.06118        13       640    0.4497    0.4627    0.4161    0.2746   0.03395   0.01128   0.01692
     24/99     13.7G    0.0301   0.01829   0.01166   0.06005        13       640    0.3933    0.5033     0.397    0.2668    0.0353   0.01132   0.01885
     25/99     13.7G   0.02972   0.01846   0.01161   0.05979        11       640    0.4501    0.5074    0.4121    0.2742   0.03389   0.01124    0.0178
     26/99     13.7G   0.02939   0.01821   0.01102   0.05862        10       640    0.4449    0.4751    0.4004    0.2652   0.03481   0.01133   0.02061
     27/99     13.7G   0.02859   0.01768   0.01077   0.05704        14       640    0.4613    0.4735     0.414    0.2852   0.03425   0.01116   0.01812
     28/99     13.7G   0.02913   0.01781   0.01102   0.05796        13       640    0.4574    0.4863    0.4334    0.2862   0.03402   0.01116   0.01984
     29/99     13.7G     0.028   0.01752  0.009954   0.05548         9       640    0.4893    0.4845    0.4253    0.2841   0.03518   0.01123   0.02061
     30/99     13.7G   0.02799   0.01741  0.009938   0.05534         7       640    0.5011    0.4738    0.4237    0.2862   0.03492    0.0113   0.01986
     31/99     13.7G   0.02755   0.01696  0.009332   0.05384         7       640    0.4451    0.5393    0.4441    0.3057   0.03384   0.01111   0.01825
     32/99     13.7G   0.02725   0.01698  0.009375    0.0536        13       640    0.4589    0.5455      0.44    0.2917   0.03292   0.01113   0.01803
     33/99     13.7G   0.02682    0.0169  0.008991   0.05272        17       640    0.4686    0.4784    0.4183    0.2869   0.03464   0.01137   0.01829
     34/99     13.7G   0.02692   0.01676  0.009021   0.05271        10       640     0.429    0.5013    0.4117    0.2816   0.03409   0.01148   0.02152
     35/99     13.7G   0.02688   0.01652  0.008734   0.05214         7       640    0.4794    0.4499    0.4221    0.2867   0.03294    0.0114   0.01821
     36/99     13.7G   0.02613   0.01625  0.008162   0.05055        11       640     0.453    0.5344    0.4284    0.2923   0.03292   0.01126   0.01777
     37/99     13.7G   0.02599   0.01625   0.00831   0.05055         7       640    0.4425    0.5547    0.4324     0.296   0.03378   0.01143   0.01816
     38/99     13.7G   0.02568   0.01623  0.008668   0.05057        12       640    0.4631    0.4994    0.4235    0.2989   0.03451   0.01148   0.01826
     39/99     13.7G   0.02549    0.0162  0.008006    0.0497        10       640    0.4732    0.4926    0.4291    0.2977   0.03355    0.0114   0.01959
     40/99     13.7G   0.02473   0.01594  0.008147   0.04882        10       640    0.4498    0.5442     0.447    0.3074     0.033   0.01132   0.01762
     41/99     13.7G   0.02499    0.0158  0.007856   0.04865        11       640    0.4803    0.4995    0.4333    0.3032   0.03256   0.01152   0.01722
     42/99     13.7G   0.02436   0.01556   0.00735   0.04727         6       640     0.503    0.4789    0.4477    0.3122    0.0335   0.01139   0.01803
     43/99     13.7G    0.0242   0.01522  0.007354   0.04678        14       640    0.4795    0.5048    0.4245    0.2935    0.0331   0.01162   0.01788
     44/99     13.7G    0.0239   0.01507  0.007378   0.04636         9       640    0.5195    0.4753    0.4496    0.3149   0.03305   0.01161   0.01674
     45/99     13.7G   0.02367   0.01502  0.007195   0.04588        12       640    0.4921    0.5043    0.4349    0.2956   0.03311   0.01179   0.01724
     46/99     13.7G   0.02348   0.01468  0.006842     0.045         9       640    0.4819    0.5375    0.4473    0.3056   0.03307   0.01169   0.01879
     47/99     13.7G    0.0234   0.01486  0.006898   0.04515        12       640    0.4746    0.5145    0.4413    0.2976   0.03277   0.01175   0.01724
     48/99     13.7G   0.02297   0.01464  0.006231   0.04385        10       640    0.5253    0.5027    0.4554    0.3097   0.03233   0.01163   0.01923
     49/99     13.7G   0.02248   0.01438  0.006372   0.04323        13       640     0.501    0.5078    0.4464    0.3157   0.03311   0.01181   0.01907
     50/99     13.7G   0.02241   0.01409  0.005873   0.04237         8       640    0.4307    0.5849    0.4471    0.3057   0.03281   0.01195    0.0185
     51/99     13.7G   0.02214   0.01396  0.005977   0.04208        12       640    0.4772    0.5337    0.4481    0.3151   0.03268    0.0119   0.01881
     52/99     13.7G    0.0216   0.01367  0.005886   0.04116        13       640     0.475    0.5503    0.4522    0.3122   0.03272   0.01184   0.01728
     53/99     13.7G   0.02146   0.01352  0.005622    0.0406         7       640    0.4714    0.5475    0.4587    0.3213   0.03257   0.01203   0.01731
     54/99     13.7G   0.02113    0.0133  0.005565      0.04         6       640    0.4698    0.5531    0.4635    0.3284   0.03256   0.01199   0.01844
     55/99     13.7G   0.02125   0.01334  0.005458   0.04004         8       640    0.4949    0.5358    0.4603    0.3242   0.03288   0.01205   0.01792
     56/99     13.7G   0.02077   0.01303  0.005263   0.03906        11       640    0.4834    0.5342    0.4508    0.3192   0.03284   0.01208   0.01787
     57/99     13.7G   0.02057   0.01283  0.005148   0.03854         8       640    0.5247    0.5127    0.4494    0.3187   0.03292   0.01224   0.01561
     58/99     13.7G    0.0201   0.01271  0.005273   0.03809        10       640    0.4819    0.5225    0.4415    0.3161   0.03237   0.01241   0.01681
     59/99     13.7G   0.01998   0.01256  0.005193   0.03772        10       640    0.4673    0.5335     0.441    0.3081   0.03276   0.01231   0.01837
     60/99     13.7G   0.02011   0.01254  0.005132   0.03778        12       640    0.5099     0.498    0.4486    0.3127   0.03311   0.01246   0.01682
     61/99     13.7G   0.01977   0.01233  0.004837   0.03693         9       640    0.4592    0.5578    0.4417    0.3112   0.03285   0.01254   0.01748
     62/99     13.7G    0.0194   0.01214  0.004507   0.03605         7       640    0.4791      0.54     0.448    0.3127   0.03375   0.01255   0.01762
     63/99     13.7G   0.01925   0.01198  0.004587   0.03582        10       640    0.4861    0.5329    0.4399    0.3097   0.03316   0.01275   0.01792
     64/99     13.7G   0.01919   0.01184  0.004596   0.03562         5       640    0.4852    0.4952    0.4294    0.3024   0.03288   0.01294   0.01932
     65/99     13.7G   0.01865   0.01147  0.004282   0.03441        11       640    0.4894    0.5212    0.4474    0.3059   0.03341   0.01268   0.01886
     66/99     13.7G   0.01858    0.0115  0.004187   0.03426        10       640    0.5139    0.5133    0.4311    0.3001   0.03298   0.01284   0.01871
     67/99     13.7G    0.0186   0.01141  0.004682   0.03469        10       640    0.5107    0.5235    0.4414    0.3099   0.03309   0.01293   0.01866
     68/99     13.7G   0.01824   0.01109  0.004067    0.0334        11       640    0.4924    0.5047    0.4346     0.302   0.03348   0.01329   0.01787
     69/99     13.7G   0.01817     0.011  0.003952   0.03312        10       640    0.4707    0.5185    0.4258    0.2941   0.03406   0.01337   0.01851
     70/99     13.7G   0.01789   0.01092  0.004125   0.03294        11       640    0.4865    0.5068    0.4305    0.3065   0.03393   0.01314   0.01865
     71/99     13.7G   0.01721   0.01057  0.003543   0.03133        12       640    0.4963     0.506    0.4358    0.3086   0.03453   0.01314   0.01804
     72/99     13.7G   0.01776   0.01078  0.004064   0.03261        10       640    0.5033    0.5284    0.4505     0.319   0.03375   0.01316   0.01732
     73/99     13.7G   0.01721   0.01058  0.003635   0.03143         7       640    0.5135    0.5191     0.444    0.3144   0.03385   0.01317   0.01791
     74/99     13.7G   0.01698   0.01026  0.003397   0.03064        11       640    0.5115     0.508    0.4391     0.313   0.03353   0.01345   0.01802
     75/99     13.7G   0.01657   0.01027  0.003451    0.0303        13       640    0.4981    0.5414    0.4533    0.3153   0.03399   0.01344   0.01769
     76/99     13.7G   0.01685   0.01013   0.00345   0.03043         8       640    0.5206    0.4939    0.4456    0.3161   0.03379   0.01356   0.01731
     77/99     13.7G   0.01664   0.01011  0.003416   0.03017        13       640    0.5026    0.5125    0.4324    0.3072   0.03354   0.01386   0.01748
     78/99     13.7G   0.01664   0.01024  0.003687   0.03057        15       640    0.5033    0.5174    0.4424    0.3122   0.03317    0.0138   0.01801
     79/99     13.7G   0.01621  0.009911  0.003416   0.02953        13       640    0.4898    0.5253    0.4379    0.3065   0.03305    0.0141   0.01803
     80/99     13.7G   0.01581  0.009784  0.003234   0.02883         6       640    0.5237    0.4858    0.4367     0.306   0.03293   0.01411   0.01822
     81/99     13.7G   0.01576  0.009688  0.003224   0.02867         9       640    0.5151    0.5068    0.4352    0.3062   0.03267   0.01431   0.01853
     82/99     13.7G   0.01581  0.009553  0.003166   0.02853        11       640    0.5293    0.4854    0.4373     0.311   0.03245    0.0145   0.01863
     83/99     13.7G   0.01548  0.009409  0.003053   0.02794        11       640    0.5059    0.5186    0.4334    0.3115    0.0326   0.01458   0.01791
     84/99     13.7G   0.01544   0.00928  0.002835   0.02756        10       640    0.5422     0.491    0.4382    0.3133   0.03314   0.01448   0.01825
     85/99     13.7G   0.01548  0.009257  0.003084   0.02782         8       640    0.5363    0.5055    0.4409    0.3123   0.03367   0.01447   0.01911
     86/99     13.7G   0.01524   0.00917  0.002961   0.02737        14       640    0.5519    0.4873    0.4413    0.3146   0.03356   0.01454   0.01868
     87/99     13.7G   0.01512   0.00895  0.002711   0.02678         9       640    0.5651    0.4883    0.4443    0.3171    0.0336   0.01451   0.01855
     88/99     13.7G   0.01496  0.009168  0.002855   0.02698        10       640    0.5622    0.5026    0.4481    0.3169   0.03357   0.01443   0.01846
     89/99     13.7G    0.0146  0.008786  0.002701   0.02608        10       640    0.5542    0.5024    0.4459    0.3174   0.03361   0.01453   0.01773
     90/99     13.7G    0.0146  0.008823  0.002787   0.02621        12       640    0.5261    0.5317    0.4453    0.3148   0.03344    0.0146   0.01712
     91/99     13.7G   0.01454  0.008798  0.002666   0.02601        11       640    0.5249    0.5222    0.4394    0.3165   0.03329   0.01473   0.01664
     92/99     13.7G   0.01453  0.008667  0.002665   0.02586        16       640    0.5392    0.5078    0.4399    0.3142   0.03345   0.01482   0.01641
     93/99     13.7G   0.01438  0.008589  0.002686   0.02565         9       640    0.5513    0.4929    0.4407    0.3161   0.03357   0.01486   0.01639
     94/99     13.7G   0.01424  0.008543   0.00274   0.02552        13       640    0.5308    0.5039    0.4393    0.3139   0.03374   0.01499   0.01613
     95/99     13.7G   0.01431  0.008476  0.002412   0.02519        13       640    0.5354    0.4904    0.4361    0.3098    0.0338   0.01519   0.01669
     96/99     13.7G   0.01414  0.008418  0.002549    0.0251        12       640    0.5211    0.4965    0.4334    0.3057   0.03388   0.01543   0.01705
     97/99     13.7G   0.01414  0.008257  0.002413   0.02481        11       640    0.5065    0.5142    0.4309    0.3102   0.03393   0.01545   0.01732
     98/99     13.7G   0.01393   0.00844  0.002733    0.0251         7       640    0.5289    0.5063    0.4352    0.3126   0.03395   0.01533    0.0171
     99/99     13.7G   0.01391  0.008207  0.002388   0.02451        17       640     0.546    0.4964    0.4392    0.3144   0.03405   0.01523   0.01683
